[gd_scene load_steps=15 format=3 uid="uid://b3koyon3b1egm"]

[ext_resource type="Script" path="res://coliseum.gd" id="1_g1hoj"]
[ext_resource type="Texture2D" uid="uid://bvlgdsm8d5woa" path="res://assets/skyboxarchitect/uploads_files_4381654_LightBlueSky_texture.jpg" id="2_af7lc"]
[ext_resource type="FontFile" uid="uid://t51b6g3161l2" path="res://assets/com/google/fonts/BungeeTint-Regular.ttf" id="4_ba1sg"]
[ext_resource type="PackedScene" uid="uid://b4evfy2navalt" path="res://assets/vfx/spectators_01.tscn" id="6_67ogh"]
[ext_resource type="PackedScene" uid="uid://cxn20khnv6467" path="res://assets/vfx/spectators_02.tscn" id="7_h7epc"]
[ext_resource type="PackedScene" uid="uid://owr0a6iuh5je" path="res://game/platforms/starting_platform.tscn" id="16_bujbd"]
[ext_resource type="PackedScene" uid="uid://bol24dvutt2eg" path="res://assets/pizza/poly/CyberpunkGameKit/Cyberpunk Platform-ctQ5CDmraQ.glb" id="16_k0i1g"]

[sub_resource type="PanoramaSkyMaterial" id="PanoramaSkyMaterial_5ts75"]
panorama = ExtResource("2_af7lc")

[sub_resource type="Sky" id="Sky_6n78a"]
sky_material = SubResource("PanoramaSkyMaterial_5ts75")

[sub_resource type="Environment" id="Environment_6ugcg"]
background_mode = 2
sky = SubResource("Sky_6n78a")
tonemap_mode = 2
glow_enabled = true

[sub_resource type="Theme" id="Theme_c12a6"]
default_font = ExtResource("4_ba1sg")

[sub_resource type="NavigationMesh" id="NavigationMesh_vd1kw"]
vertices = PackedVector3Array(-24.4123, 0.910358, -23.3185, -24.4123, 0.910358, 22.4315, 20.8377, 0.910358, 22.4315, 20.8377, 0.910358, -23.3185)
polygons = [PackedInt32Array(3, 2, 0), PackedInt32Array(0, 2, 1)]
geometry_parsed_geometry_type = 1
cell_height = 0.05
agent_height = 2.0
agent_max_climb = 0.05

[sub_resource type="BoxShape3D" id="BoxShape3D_mq4yo"]
size = Vector3(3.86278, 0.460205, 3.90308)

[sub_resource type="BoxShape3D" id="BoxShape3D_25l5e"]
size = Vector3(336.498, 1, 260.399)

[node name="Coliseum" type="Node3D"]
script = ExtResource("1_g1hoj")
arena_time = 60

[node name="WorldEnvironment" type="WorldEnvironment" parent="."]
environment = SubResource("Environment_6ugcg")

[node name="DirectionalLight3D" type="DirectionalLight3D" parent="."]
transform = Transform3D(-0.866024, -0.433016, 0.250001, 0, 0.499998, 0.866026, -0.500003, 0.749999, -0.43301, 0, 8, -145.707)
shadow_enabled = true

[node name="Timer" type="Timer" parent="."]
one_shot = true

[node name="Control" type="Control" parent="."]
layout_mode = 3
anchors_preset = 15
anchor_right = 1.0
anchor_bottom = 1.0
grow_horizontal = 2
grow_vertical = 2
theme = SubResource("Theme_c12a6")

[node name="GoalContainer" type="MarginContainer" parent="Control"]
layout_mode = 0
offset_right = 40.0
offset_bottom = 40.0
theme_override_constants/margin_left = 8
theme_override_constants/margin_top = 8
theme_override_constants/margin_right = 0
theme_override_constants/margin_bottom = 0

[node name="GoalLabel" type="Label" parent="Control/GoalContainer"]
layout_mode = 2
theme_override_fonts/font = ExtResource("4_ba1sg")
theme_override_font_sizes/font_size = 32
text = "Goal: Survive"

[node name="PlayerCountContainer" type="MarginContainer" parent="Control"]
layout_mode = 1
anchors_preset = 1
anchor_left = 1.0
anchor_right = 1.0
offset_left = -61.0
offset_bottom = 40.0
grow_horizontal = 0
theme_override_constants/margin_left = 0
theme_override_constants/margin_top = 8
theme_override_constants/margin_right = 8
theme_override_constants/margin_bottom = 0

[node name="PlayerCountLabel" type="Label" parent="Control/PlayerCountContainer"]
layout_mode = 2
theme_override_font_sizes/font_size = 32
text = "Players:"

[node name="Timer" type="Label" parent="Control"]
layout_mode = 1
anchors_preset = 5
anchor_left = 0.5
anchor_right = 0.5
offset_left = -20.0
offset_right = 20.0
offset_bottom = 23.0
grow_horizontal = 2
theme_override_font_sizes/font_size = 24

[node name="FinishLabel" type="Label" parent="Control"]
unique_name_in_owner = true
visible = false
layout_mode = 1
anchors_preset = 8
anchor_left = 0.5
anchor_top = 0.5
anchor_right = 0.5
anchor_bottom = 0.5
offset_left = -335.0
offset_top = -111.5
offset_right = 335.0
offset_bottom = 111.5
grow_horizontal = 2
grow_vertical = 2
theme_override_colors/font_shadow_color = Color(0, 0, 0, 1)
theme_override_constants/outline_size = 0
theme_override_constants/shadow_outline_size = 32
theme_override_font_sizes/font_size = 168
text = "FINISH!"

[node name="StartingPlatforms" type="Node3D" parent="."]

[node name="ZPositivePlatforms" type="Node3D" parent="StartingPlatforms"]

[node name="StartingPlatform0" parent="StartingPlatforms/ZPositivePlatforms" instance=ExtResource("16_bujbd")]
transform = Transform3D(1, 0, 0, 0, 1, 0, 0, 0, 1, -19, 5, 36)
approach_direction = Vector3(0, 0, -1)

[node name="StartingPlatform1" parent="StartingPlatforms/ZPositivePlatforms" instance=ExtResource("16_bujbd")]
transform = Transform3D(1, 0, 0, 0, 1, 0, 0, 0, 1, -10, 5, 36)
approach_direction = Vector3(0, 0, -1)

[node name="StartingPlatform2" parent="StartingPlatforms/ZPositivePlatforms" instance=ExtResource("16_bujbd")]
transform = Transform3D(1, 0, 0, 0, 1, 0, 0, 0, 1, -2, 5, 36)
approach_direction = Vector3(0, 0, -1)

[node name="StartingPlatform3" parent="StartingPlatforms/ZPositivePlatforms" instance=ExtResource("16_bujbd")]
transform = Transform3D(1, 0, 0, 0, 1, 0, 0, 0, 1, 6, 5, 36)
approach_direction = Vector3(0, 0, -1)

[node name="StartingPlatform4" parent="StartingPlatforms/ZPositivePlatforms" instance=ExtResource("16_bujbd")]
transform = Transform3D(1, 0, 0, 0, 1, 0, 0, 0, 1, 15, 5, 36)
approach_direction = Vector3(0, 0, -1)

[node name="ZNegativePlatforms" type="Node3D" parent="StartingPlatforms"]

[node name="StartingPlatform0" parent="StartingPlatforms/ZNegativePlatforms" instance=ExtResource("16_bujbd")]
transform = Transform3D(-1, 0, -8.74228e-08, 0, 1, 0, 8.74228e-08, 0, -1, -19, 5, -38)
approach_direction = Vector3(0, 0, 1)

[node name="StartingPlatform1" parent="StartingPlatforms/ZNegativePlatforms" instance=ExtResource("16_bujbd")]
transform = Transform3D(-1, 0, -8.74228e-08, 0, 1, 0, 8.74228e-08, 0, -1, -10, 5, -38)
approach_direction = Vector3(0, 0, 1)

[node name="StartingPlatform2" parent="StartingPlatforms/ZNegativePlatforms" instance=ExtResource("16_bujbd")]
transform = Transform3D(-1, 0, -8.74228e-08, 0, 1, 0, 8.74228e-08, 0, -1, -2, 5, -38)
approach_direction = Vector3(0, 0, 1)

[node name="StartingPlatform3" parent="StartingPlatforms/ZNegativePlatforms" instance=ExtResource("16_bujbd")]
transform = Transform3D(-1, 0, -8.74228e-08, 0, 1, 0, 8.74228e-08, 0, -1, 6, 5, -38)
approach_direction = Vector3(0, 0, 1)

[node name="StartingPlatform4" parent="StartingPlatforms/ZNegativePlatforms" instance=ExtResource("16_bujbd")]
transform = Transform3D(-1, 0, -8.74228e-08, 0, 1, 0, 8.74228e-08, 0, -1, 15, 5, -38)
approach_direction = Vector3(0, 0, 1)

[node name="XPositivePlatforms" type="Node3D" parent="StartingPlatforms"]
transform = Transform3D(-4.37114e-08, 0, -1, 0, 1, 0, 1, 0, -4.37114e-08, 0, 0, 0)

[node name="StartingPlatform0" parent="StartingPlatforms/XPositivePlatforms" instance=ExtResource("16_bujbd")]
transform = Transform3D(-1, 0, -8.74228e-08, 0, 1, 0, 8.74228e-08, 0, -1, -18, 5, -35)
approach_direction = Vector3(-1, 0, 0)

[node name="StartingPlatform1" parent="StartingPlatforms/XPositivePlatforms" instance=ExtResource("16_bujbd")]
transform = Transform3D(-1, 0, -8.74228e-08, 0, 1, 0, 8.74228e-08, 0, -1, -9, 5, -35)
approach_direction = Vector3(-1, 0, 0)

[node name="StartingPlatform2" parent="StartingPlatforms/XPositivePlatforms" instance=ExtResource("16_bujbd")]
transform = Transform3D(-1, 0, -8.74228e-08, 0, 1, 0, 8.74228e-08, 0, -1, -1, 5, -35)
approach_direction = Vector3(-1, 0, 0)

[node name="StartingPlatform3" parent="StartingPlatforms/XPositivePlatforms" instance=ExtResource("16_bujbd")]
transform = Transform3D(-1, 0, -8.74228e-08, 0, 1, 0, 8.74228e-08, 0, -1, 7, 5, -35)
approach_direction = Vector3(-1, 0, 0)

[node name="StartingPlatform4" parent="StartingPlatforms/XPositivePlatforms" instance=ExtResource("16_bujbd")]
transform = Transform3D(-1, 0, -8.74228e-08, 0, 1, 0, 8.74228e-08, 0, -1, 16, 5, -35)
approach_direction = Vector3(-1, 0, 0)

[node name="XNegativePlatforms" type="Node3D" parent="StartingPlatforms"]
transform = Transform3D(-4.37114e-08, 0, -1, 0, 1, 0, 1, 0, -4.37114e-08, 0, 0, 0)

[node name="StartingPlatform0" parent="StartingPlatforms/XNegativePlatforms" instance=ExtResource("16_bujbd")]
transform = Transform3D(1, 0, 0, 0, 1, 0, 0, 0, 1, -18, 5, 38)
approach_direction = Vector3(1, 0, 0)

[node name="StartingPlatform1" parent="StartingPlatforms/XNegativePlatforms" instance=ExtResource("16_bujbd")]
transform = Transform3D(1, 0, 0, 0, 1, 0, 0, 0, 1, -9, 5, 38)
approach_direction = Vector3(1, 0, 0)

[node name="StartingPlatform2" parent="StartingPlatforms/XNegativePlatforms" instance=ExtResource("16_bujbd")]
transform = Transform3D(1, 0, 0, 0, 1, 0, 0, 0, 1, -0.999998, 5, 38)
approach_direction = Vector3(1, 0, 0)

[node name="StartingPlatform3" parent="StartingPlatforms/XNegativePlatforms" instance=ExtResource("16_bujbd")]
transform = Transform3D(1, 0, 0, 0, 1, 0, 0, 0, 1, 7, 5, 38)
approach_direction = Vector3(1, 0, 0)

[node name="StartingPlatform4" parent="StartingPlatforms/XNegativePlatforms" instance=ExtResource("16_bujbd")]
transform = Transform3D(1, 0, 0, 0, 1, 0, 0, 0, 1, 16, 5, 38)
approach_direction = Vector3(1, 0, 0)

[node name="NavigationRegion3D" type="NavigationRegion3D" parent="."]
navigation_mesh = SubResource("NavigationMesh_vd1kw")

[node name="PrimaryPlatform" parent="NavigationRegion3D" instance=ExtResource("16_k0i1g")]
transform = Transform3D(12, 0, 0, 0, 12, 0, 0, 0, 12, -73.55, 0, -0.047)

[node name="StaticBody3D" type="StaticBody3D" parent="NavigationRegion3D/PrimaryPlatform"]
transform = Transform3D(1, 0, 0, 0, 1, 0, 0, 0, 1, 6.07125, 0, 0)

[node name="CollisionShape3D" type="CollisionShape3D" parent="NavigationRegion3D/PrimaryPlatform/StaticBody3D"]
transform = Transform3D(1, 0, 0, 0, 1, 0, 0, 0, 1, -0.0867159, -0.160701, -0.0294199)
shape = SubResource("BoxShape3D_mq4yo")

[node name="Killbox" type="Area3D" parent="."]
transform = Transform3D(1, 0, 0, 0, 1, 0, 0, 0, 1, 0, -23.6672, 0)
collision_mask = 2

[node name="CollisionShape3D" type="CollisionShape3D" parent="Killbox"]
transform = Transform3D(1, 0, 0, 0, 1, 0, 0, 0, 1, 2.08069, 0, 1.78337)
shape = SubResource("BoxShape3D_25l5e")

[node name="Spectators" type="Node3D" parent="."]
transform = Transform3D(1, 0, 0, 0, 1, 0, 0, 0, 1, 0, 64, 0)

[node name="ZNegative" type="Node3D" parent="Spectators"]

[node name="Spectators01" parent="Spectators/ZNegative" instance=ExtResource("6_67ogh")]
transform = Transform3D(0.984595, 0, -0.174851, 0, 1, 0, 0.174851, 0, 0.984595, 8.12232, 0, -33.6503)

[node name="Spectators03" parent="Spectators/ZNegative" instance=ExtResource("6_67ogh")]
transform = Transform3D(0.997536, 0, -0.0701569, 0, 1, 0, 0.0701569, 0, 0.997536, -13.5161, 0, -34.2902)

[node name="Spectators02" parent="Spectators/ZNegative" instance=ExtResource("7_h7epc")]
transform = Transform3D(-0.996613, 0, 0.0822343, 0, 1, 0, -0.0822343, 0, -0.996613, 17.119, 0, -35.9095)

[node name="Spectators19" parent="Spectators/ZNegative" instance=ExtResource("7_h7epc")]
transform = Transform3D(-0.993419, 0, -0.114538, 0, 1, 0, 0.114538, 0, -0.993419, -6.37686, 0, -34.7788)

[node name="Spectators17" parent="Spectators/ZNegative" instance=ExtResource("7_h7epc")]
transform = Transform3D(-0.992191, 0, -0.124727, 0, 1, 0, 0.124727, 0, -0.992191, 3.24198, 0.0744705, -34.4127)

[node name="Spectators06" parent="Spectators/ZNegative" instance=ExtResource("6_67ogh")]
transform = Transform3D(0.880577, 0, -0.473904, 0, 1, 0, 0.473904, 0, 0.880577, 20.9097, 0, -29.1418)

[node name="Spectators20" parent="Spectators/ZNegative" instance=ExtResource("7_h7epc")]
transform = Transform3D(-0.862089, 0, -0.506756, 0, 1, 0, 0.506756, 0, -0.862089, -22.9422, 0, -30.8659)

[node name="ZNegative5" type="Node3D" parent="Spectators"]
transform = Transform3D(1, 0, 0, 0, 1, 0, 0, 0, 1, 0, 2.653, -10)

[node name="Spectators01" parent="Spectators/ZNegative5" instance=ExtResource("6_67ogh")]
transform = Transform3D(0.984595, 0, -0.174851, 0, 1, 0, 0.174851, 0, 0.984595, 10.0226, 0, -32.3439)

[node name="Spectators03" parent="Spectators/ZNegative5" instance=ExtResource("6_67ogh")]
transform = Transform3D(0.997536, 0, -0.0701569, 0, 1, 0, 0.0701569, 0, 0.997536, -14.3495, 0, -30.1914)

[node name="Spectators02" parent="Spectators/ZNegative5" instance=ExtResource("7_h7epc")]
transform = Transform3D(-0.996613, 0, 0.0822343, 0, 1, 0, -0.0822343, 0, -0.996613, 17.119, 0, -33.0073)

[node name="Spectators19" parent="Spectators/ZNegative5" instance=ExtResource("7_h7epc")]
transform = Transform3D(-0.940833, 0, -0.338869, 0, 1, 0, 0.338869, 0, -0.940833, -6.37686, 0, -31.407)

[node name="Spectators17" parent="Spectators/ZNegative5" instance=ExtResource("7_h7epc")]
transform = Transform3D(-0.992191, 0, -0.124727, 0, 1, 0, 0.124727, 0, -0.992191, 0.719098, 0.0744705, -29.5616)

[node name="Spectators06" parent="Spectators/ZNegative5" instance=ExtResource("6_67ogh")]
transform = Transform3D(0.714607, 0, -0.699526, 0, 1, 0, 0.699526, 0, 0.714607, 27.3742, 0, -25.205)

[node name="Spectators20" parent="Spectators/ZNegative5" instance=ExtResource("7_h7epc")]
transform = Transform3D(-0.862089, 0, -0.506756, 0, 1, 0, 0.506756, 0, -0.862089, -25.9909, 0, -23.9816)

[node name="ZNegative2" type="Node3D" parent="Spectators"]
transform = Transform3D(-4.37114e-08, 0, 1, 0, 1, 0, -1, 0, -4.37114e-08, 0, 0, 0)

[node name="Spectators01" parent="Spectators/ZNegative2" instance=ExtResource("6_67ogh")]
transform = Transform3D(0.984595, 0, -0.174851, 0, 1, 0, 0.174851, 0, 0.984595, 8.12232, 0, -33.6503)

[node name="Spectators03" parent="Spectators/ZNegative2" instance=ExtResource("6_67ogh")]
transform = Transform3D(0.997536, 0, -0.0701569, 0, 1, 0, 0.0701569, 0, 0.997536, -13.5161, 0, -34.2902)

[node name="Spectators02" parent="Spectators/ZNegative2" instance=ExtResource("7_h7epc")]
transform = Transform3D(-0.996613, 0, 0.0822343, 0, 1, 0, -0.0822343, 0, -0.996613, 17.119, 0, -35.9095)

[node name="Spectators19" parent="Spectators/ZNegative2" instance=ExtResource("7_h7epc")]
transform = Transform3D(-0.993419, 0, -0.114538, 0, 1, 0, 0.114538, 0, -0.993419, -6.37686, 0, -34.7788)

[node name="Spectators17" parent="Spectators/ZNegative2" instance=ExtResource("7_h7epc")]
transform = Transform3D(-0.992191, 0, -0.124727, 0, 1, 0, 0.124727, 0, -0.992191, 3.24198, 0.0744705, -34.4127)

[node name="Spectators06" parent="Spectators/ZNegative2" instance=ExtResource("6_67ogh")]
transform = Transform3D(0.880577, 0, -0.473904, 0, 1, 0, 0.473904, 0, 0.880577, 20.9097, 0, -29.1418)

[node name="Spectators20" parent="Spectators/ZNegative2" instance=ExtResource("7_h7epc")]
transform = Transform3D(-0.862089, 0, -0.506756, 0, 1, 0, 0.506756, 0, -0.862089, -22.9422, 0, -30.8659)

[node name="ZNegative6" type="Node3D" parent="Spectators"]
transform = Transform3D(-4.37114e-08, 0, 1, 0, 1, 0, -1, 0, -4.37114e-08, -10, 2.6, 0)

[node name="Spectators01" parent="Spectators/ZNegative6" instance=ExtResource("6_67ogh")]
transform = Transform3D(0.984595, 0, -0.174851, 0, 1, 0, 0.174851, 0, 0.984595, 10.0226, 0, -32.3439)

[node name="Spectators03" parent="Spectators/ZNegative6" instance=ExtResource("6_67ogh")]
transform = Transform3D(0.997536, 0, -0.0701569, 0, 1, 0, 0.0701569, 0, 0.997536, -14.3495, 0, -30.1914)

[node name="Spectators02" parent="Spectators/ZNegative6" instance=ExtResource("7_h7epc")]
transform = Transform3D(-0.996613, 0, 0.0822343, 0, 1, 0, -0.0822343, 0, -0.996613, 17.119, 0, -33.0073)

[node name="Spectators19" parent="Spectators/ZNegative6" instance=ExtResource("7_h7epc")]
transform = Transform3D(-0.940833, 0, -0.338869, 0, 1, 0, 0.338869, 0, -0.940833, -6.37686, 0, -31.407)

[node name="Spectators17" parent="Spectators/ZNegative6" instance=ExtResource("7_h7epc")]
transform = Transform3D(-0.992191, 0, -0.124727, 0, 1, 0, 0.124727, 0, -0.992191, 0.719098, 0.0744705, -29.5616)

[node name="Spectators06" parent="Spectators/ZNegative6" instance=ExtResource("6_67ogh")]
transform = Transform3D(0.714607, 0, -0.699526, 0, 1, 0, 0.699526, 0, 0.714607, 27.3742, 0, -25.205)

[node name="Spectators20" parent="Spectators/ZNegative6" instance=ExtResource("7_h7epc")]
transform = Transform3D(-0.862089, 0, -0.506756, 0, 1, 0, 0.506756, 0, -0.862089, -25.9909, 0, -23.9816)

[node name="ZNegative7" type="Node3D" parent="Spectators"]
transform = Transform3D(-1, 0, -8.74228e-08, 0, 1, 0, 8.74228e-08, 0, -1, 0, 2.6, 10)

[node name="Spectators01" parent="Spectators/ZNegative7" instance=ExtResource("6_67ogh")]
transform = Transform3D(0.984595, 0, -0.174851, 0, 1, 0, 0.174851, 0, 0.984595, 10.0226, 0, -32.3439)

[node name="Spectators03" parent="Spectators/ZNegative7" instance=ExtResource("6_67ogh")]
transform = Transform3D(0.997536, 0, -0.0701569, 0, 1, 0, 0.0701569, 0, 0.997536, -14.3495, 0, -30.1914)

[node name="Spectators02" parent="Spectators/ZNegative7" instance=ExtResource("7_h7epc")]
transform = Transform3D(-0.996613, 0, 0.0822343, 0, 1, 0, -0.0822343, 0, -0.996613, 17.119, 0, -33.0073)

[node name="Spectators19" parent="Spectators/ZNegative7" instance=ExtResource("7_h7epc")]
transform = Transform3D(-0.940833, 0, -0.338869, 0, 1, 0, 0.338869, 0, -0.940833, -6.37686, 0, -31.407)

[node name="Spectators17" parent="Spectators/ZNegative7" instance=ExtResource("7_h7epc")]
transform = Transform3D(-0.992191, 0, -0.124727, 0, 1, 0, 0.124727, 0, -0.992191, 0.719098, 0.0744705, -29.5616)

[node name="Spectators06" parent="Spectators/ZNegative7" instance=ExtResource("6_67ogh")]
transform = Transform3D(0.714607, 0, -0.699526, 0, 1, 0, 0.699526, 0, 0.714607, 27.3742, 0, -25.205)

[node name="Spectators20" parent="Spectators/ZNegative7" instance=ExtResource("7_h7epc")]
transform = Transform3D(-0.862089, 0, -0.506756, 0, 1, 0, 0.506756, 0, -0.862089, -25.9909, 0, -23.9816)

[node name="ZNegative8" type="Node3D" parent="Spectators"]
transform = Transform3D(1.19249e-08, 0, -1, 0, 1, 0, 1, 0, 1.19249e-08, 10, 2.6, 0)

[node name="Spectators01" parent="Spectators/ZNegative8" instance=ExtResource("6_67ogh")]
transform = Transform3D(0.984595, 0, -0.174851, 0, 1, 0, 0.174851, 0, 0.984595, 10.0226, 0, -32.3439)

[node name="Spectators03" parent="Spectators/ZNegative8" instance=ExtResource("6_67ogh")]
transform = Transform3D(0.997536, 0, -0.0701569, 0, 1, 0, 0.0701569, 0, 0.997536, -14.3495, 0, -30.1914)

[node name="Spectators02" parent="Spectators/ZNegative8" instance=ExtResource("7_h7epc")]
transform = Transform3D(-0.996613, 0, 0.0822343, 0, 1, 0, -0.0822343, 0, -0.996613, 17.119, 0, -33.0073)

[node name="Spectators19" parent="Spectators/ZNegative8" instance=ExtResource("7_h7epc")]
transform = Transform3D(-0.940833, 0, -0.338869, 0, 1, 0, 0.338869, 0, -0.940833, -6.37686, 0, -31.407)

[node name="Spectators17" parent="Spectators/ZNegative8" instance=ExtResource("7_h7epc")]
transform = Transform3D(-0.992191, 0, -0.124727, 0, 1, 0, 0.124727, 0, -0.992191, 0.719098, 0.0744705, -29.5616)

[node name="Spectators06" parent="Spectators/ZNegative8" instance=ExtResource("6_67ogh")]
transform = Transform3D(0.714607, 0, -0.699526, 0, 1, 0, 0.699526, 0, 0.714607, 27.3742, 0, -25.205)

[node name="Spectators20" parent="Spectators/ZNegative8" instance=ExtResource("7_h7epc")]
transform = Transform3D(-0.862089, 0, -0.506756, 0, 1, 0, 0.506756, 0, -0.862089, -25.9909, 0, -23.9816)

[node name="ZNegative3" type="Node3D" parent="Spectators"]
transform = Transform3D(-1, 0, -8.74228e-08, 0, 1, 0, 8.74228e-08, 0, -1, 0, 0, 0)

[node name="Spectators01" parent="Spectators/ZNegative3" instance=ExtResource("6_67ogh")]
transform = Transform3D(0.984595, 0, -0.174851, 0, 1, 0, 0.174851, 0, 0.984595, 8.12232, 0, -33.6503)

[node name="Spectators03" parent="Spectators/ZNegative3" instance=ExtResource("6_67ogh")]
transform = Transform3D(0.997536, 0, -0.0701569, 0, 1, 0, 0.0701569, 0, 0.997536, -13.5161, 0, -34.2902)

[node name="Spectators02" parent="Spectators/ZNegative3" instance=ExtResource("7_h7epc")]
transform = Transform3D(-0.996613, 0, 0.0822343, 0, 1, 0, -0.0822343, 0, -0.996613, 17.119, 0, -35.9095)

[node name="Spectators19" parent="Spectators/ZNegative3" instance=ExtResource("7_h7epc")]
transform = Transform3D(-0.993419, 0, -0.114538, 0, 1, 0, 0.114538, 0, -0.993419, -6.37686, 0, -34.7788)

[node name="Spectators17" parent="Spectators/ZNegative3" instance=ExtResource("7_h7epc")]
transform = Transform3D(-0.992191, 0, -0.124727, 0, 1, 0, 0.124727, 0, -0.992191, 3.24198, 0.0744705, -34.4127)

[node name="Spectators06" parent="Spectators/ZNegative3" instance=ExtResource("6_67ogh")]
transform = Transform3D(0.880577, 0, -0.473904, 0, 1, 0, 0.473904, 0, 0.880577, 20.9097, 0, -29.1418)

[node name="Spectators20" parent="Spectators/ZNegative3" instance=ExtResource("7_h7epc")]
transform = Transform3D(-0.862089, 0, -0.506756, 0, 1, 0, 0.506756, 0, -0.862089, -22.9422, 0, -30.8659)

[node name="ZNegative4" type="Node3D" parent="Spectators"]
transform = Transform3D(1.19249e-08, 0, -1, 0, 1, 0, 1, 0, 1.19249e-08, 0, 0, 0)

[node name="Spectators01" parent="Spectators/ZNegative4" instance=ExtResource("6_67ogh")]
transform = Transform3D(0.984595, 0, -0.174851, 0, 1, 0, 0.174851, 0, 0.984595, 8.12232, 0, -33.6503)

[node name="Spectators03" parent="Spectators/ZNegative4" instance=ExtResource("6_67ogh")]
transform = Transform3D(0.997536, 0, -0.0701569, 0, 1, 0, 0.0701569, 0, 0.997536, -13.5161, 0, -34.2902)

[node name="Spectators02" parent="Spectators/ZNegative4" instance=ExtResource("7_h7epc")]
transform = Transform3D(-0.996613, 0, 0.0822343, 0, 1, 0, -0.0822343, 0, -0.996613, 17.119, 0, -35.9095)

[node name="Spectators19" parent="Spectators/ZNegative4" instance=ExtResource("7_h7epc")]
transform = Transform3D(-0.993419, 0, -0.114538, 0, 1, 0, 0.114538, 0, -0.993419, -6.37686, 0, -34.7788)

[node name="Spectators17" parent="Spectators/ZNegative4" instance=ExtResource("7_h7epc")]
transform = Transform3D(-0.992191, 0, -0.124727, 0, 1, 0, 0.124727, 0, -0.992191, 3.24198, 0.0744705, -34.4127)

[node name="Spectators06" parent="Spectators/ZNegative4" instance=ExtResource("6_67ogh")]
transform = Transform3D(0.880577, 0, -0.473904, 0, 1, 0, 0.473904, 0, 0.880577, 20.9097, 0, -29.1418)

[node name="Spectators20" parent="Spectators/ZNegative4" instance=ExtResource("7_h7epc")]
transform = Transform3D(-0.862089, 0, -0.506756, 0, 1, 0, 0.506756, 0, -0.862089, -22.9422, 0, -30.8659)
